0.238956
0.286946
0.334774
0.382414
0.429839
0.477022
0.523936
0.570556
0.616854
0.662806
0.708384
0.753564
0.79832
1.34419
1.41566
1.48279
2.8369
2.81188
2.7779
2.73505
2.68347
2.62333
2.55482
2.47816
2.39359
2.30138
2.20183
2.09525
1.98199
1.8624
-0.408517
-0.862725
0.164653
0.909267
0.0923661
-0.883158
-0.342005
0.786485
0.375978
0.860751
-0.555924
-0.744531
0.711573
0.595772
-0.836123
-0.420974
0.924131
0.227778
-0.971749
-0.0246275
0.976898
-0.1796
0.855537
-0.19774
-1.16336
-1.6133
-1.34811
-0.485345
0.592563
-0.0399164
-0.0627873
-0.0849405
-0.106123
-0.126091
-0.144619
-0.161493
-0.176521
-0.189531
0.226509
0.362281
0.495727
0.625991
0.752236
0.873652
0.98946
1.09892
1.20132
1.29601
1.38238
1.45988
1.528
1.58632
0.214709
0.11072
0.00255658
-0.105703
-0.209978
-0.306338
-0.39115
-0.461218
-0.513899
-0.547209
-0.559892
-0.551469
-0.522258
-0.47336
-0.406618
0.522582
0.602075
0.678995
0.753014
0.823816
0.891098
0.954573
1.01397
1.06903
1.21896
1.24689
1.24577
1.21563
1.15716
1.07173
0.961326
0.828525
0.67642
0.508554
-0.30328
-0.58005
-0.810889
1.48701
1.41481
1.33648
1.25237
1.16284
1.06828
0.9691
0.865726
0.758605
0.648203
0.534995
0.419473
0.302136
0.0127442
0.172534
-0.0874305
-0.134687
0.145734
2.30812
-2.30202
0.311298
0.302201
0.291936
0.280542
-0.210744
-0.155774
-0.0802209
0.00593167
0.0913005
0.164606
0.216161
0.239155
0.230548
0.191479
0.12711
0.0214909
-0.760587
-1.48225
-2.08619
-2.52442
-2.76215
-2.78048
-2.57797
-2.17069
0.949315
1.32251
1.67355
1.99656
2.28613
2.53739
2.74616
-1.16807
-1.11176
-0.719428
-0.109656
0.533259
1.015
1.18996
1.00527
0.51674
-0.127972
-0.734005
-1.11819
-1.16441
-0.111695
-0.322506
-0.52247
-0.704862
-0.863548
-0.99319
-1.08943
-1.14903
-1.16998
-1.15158
-1.09445
-1.00052
2.25659e-05
-0.011937
-0.0237253
-0.0351729
-0.0461157
-2.62217
-0.653805
1.66285
3.09369
2.87651
1.12698
-1.22289
-2.92132
-3.06355
-1.5738
2.07355
2.32786
2.54579
2.72393
2.85949
2.95036
2.99512
-2.30063
-1.88947
-1.40024
-0.853157
-0.270822
0.322704
0.902895
1.44578
1.92893
2.33237
2.81947
2.30888
0.909076
-0.840838
-2.26692
-2.81995
-2.28693
1.23845
-1.13095
0.969836
-0.762744
0.519492
-0.251611
-0.0281975
-0.461036
-0.402111
-0.329733
-0.246321
-0.154669
-0.0578409
0.0409221
0.138316
0.231082
0.316116
1.74526
1.86515
1.98125
2.09329
2.20107
0.0427969
0.0149118
-0.0136953
-0.0416392
-0.0675667
-0.0902223
-0.108509
-0.121541
-0.128687
-0.129602
1.76884
2.21142
2.5215
2.6805
2.67889
0.465307
0.306421
0.144942
-0.0177628
-0.180317
-0.341346
2.10708
2.15608
2.2033
-0.514516
-0.00254207
0.511565
0.596331
0.180613
-0.386688
-0.629453
0.193332
-0.381377
-0.930011
-1.41506
-1.80337
-2.06838
-2.19198
-2.16571
-1.99138
-1.6809
0.213267
0.216198
0.218303
0.219571
0.22
0.219587
0.218333
0.216244
0.213327
0.209594
0.205059
0.199739
0.193655
0.186829
0.179289
-1.65785
-0.232105
1.27601
2.33131
2.5593
1.87907
0.532027
-1.00382
0.61752
0.725003
0.828261
-2.2411
-2.81998
-2.25469
0.119097
0.11956
0.114846
0.105161
0.0909236
0.0727497
0.0514265
0.0278769
0.00312054
-0.0217709
-0.0457199
-0.0676896
-0.086729
-0.102014
-0.112882
-2.11367
1.79923
-1.07821
0.113539
0.876792
-1.66899
2.08403
-2.02812
1.51391
-0.657579
-0.347346
1.27378
-1.91236
0.41069
0.641421
-0.0251202
-0.68974
-1.3016
-1.8139
-2.18744
-2.39367
-2.41679
2.71887
2.69137
2.62748
2.52806
2.39445
2.22846
0.0578439
0.353182
0.434314
0.252033
-0.0831077
-0.367843
-0.42948
-0.230636
0.10809
0.381259
0.423192
0.208458
-0.132707
-0.393385
-0.415473
1.16713
1.19904
1.14103
0.997454
0.779079
0.50228
0.187814
-0.140736
-0.458732
-0.0920331
-0.12812
-0.163078
-0.196599
-0.22839
-0.258168
-0.285673
-0.310662
-0.332915
2.41546
2.46529
2.51103
2.5526
2.58992
2.62295
2.65161
2.67588
2.6957
1.33016
1.37329
1.41307
1.44941
1.48223
1.51143
1.53695
1.55873
1.57672
1.59086
1.60114
1.60751
1.60997
1.60851
0.0235426
-0.085173
-0.193041
-0.298987
1.32685
1.37685
1.39891
1.39257
1.35796
1.29579
1.20731
1.09433
0.95914
0.804478
